SACKBOY ARM ALIGNMENT REFINEMENT V1
changed_bones=8
mesh_changes=0
armature_modifiers=0
parented_targets=0
protected_changes=0

L SAMPLE COUNTS
shoulder=1060
elbow=444
wrist=159
hand=0
L LANDMARKS
shoulder=[-0.304127037525177, 0.021590325981378555, 1.9973387718200684]
elbow=[-0.47830191254615784, 0.011934812180697918, 1.6645933389663696]
wrist=[-0.5943006277084351, 0.019810844212770462, 1.5932613611221313]
hand=[-1.123165488243103, -0.049451008439064026, 1.046028971672058]

R SAMPLE COUNTS
shoulder=1168
elbow=405
wrist=144
hand=0
R LANDMARKS
shoulder=[0.2780216932296753, -0.028012504801154137, 2.000875234603882]
elbow=[0.4263073205947876, 0.01553523913025856, 1.700015902519226]
wrist=[0.5492672920227051, 0.003115119179710746, 1.5994749069213867]
hand=[1.1144415140151978, -0.049451008439064026, 1.046028971672058]
